version https://git-lfs.github.com/spec/v1
oid sha256:246435648d66c455db9b85f2c65e8d47b931e7e70c4e6edf07e542332304d7ce
size 7885
